7.904296875000000000e+01
1.313359375000000000e+02
8.090234375000000000e+01
1.472734375000000000e+02
8.555078125000000000e+01
1.618828125000000000e+02
9.205859375000000000e+01
1.764921875000000000e+02
1.004257812500000000e+02
1.897734375000000000e+02
1.097226562500000000e+02
2.003984375000000000e+02
1.199492187500000000e+02
2.083671875000000000e+02
1.311054687500000000e+02
2.136796875000000000e+02
1.422617187500000000e+02
2.136796875000000000e+02
1.562070312500000000e+02
2.123515625000000000e+02
1.692226562500000000e+02
2.057109375000000000e+02
1.803789062500000000e+02
1.937578125000000000e+02
1.887460937500000000e+02
1.804765625000000000e+02
1.887460937500000000e+02
1.552421875000000000e+02
1.887460937500000000e+02
1.326640625000000000e+02
1.887460937500000000e+02
1.167265625000000000e+02
1.878164062500000000e+02
9.547656250000000000e+01
8.090234375000000000e+01
1.193828125000000000e+02
8.694531250000000000e+01
1.114140625000000000e+02
9.345312500000000000e+01
1.087578125000000000e+02
1.018203125000000000e+02
1.080937500000000000e+02
1.092578125000000000e+02
1.074296875000000000e+02
1.301757812500000000e+02
1.034453125000000000e+02
1.390078125000000000e+02
9.879687500000000000e+01
1.487695312500000000e+02
9.481250000000000000e+01
1.585312500000000000e+02
9.348437500000000000e+01
1.673632812500000000e+02
9.680468750000000000e+01
1.236679687500000000e+02
1.207109375000000000e+02
1.255273437500000000e+02
1.313359375000000000e+02
1.273867187500000000e+02
1.419609375000000000e+02
1.292460937500000000e+02
1.512578125000000000e+02
1.208789062500000000e+02
1.632109375000000000e+02
1.264570312500000000e+02
1.618828125000000000e+02
1.320351562500000000e+02
1.618828125000000000e+02
1.376132812500000000e+02
1.592265625000000000e+02
1.431914062500000000e+02
1.578984375000000000e+02
9.391796875000000000e+01
1.286796875000000000e+02
9.763671875000000000e+01
1.246953125000000000e+02
1.087929687500000000e+02
1.220390625000000000e+02
1.143710937500000000e+02
1.260234375000000000e+02
1.087929687500000000e+02
1.286796875000000000e+02
9.856640625000000000e+01
1.300078125000000000e+02
1.404023437500000000e+02
1.193828125000000000e+02
1.441210937500000000e+02
1.127421875000000000e+02
1.552773437500000000e+02
1.087578125000000000e+02
1.608554687500000000e+02
1.114140625000000000e+02
1.562070312500000000e+02
1.153984375000000000e+02
1.459804687500000000e+02
1.193828125000000000e+02
1.190195312500000000e+02
1.844609375000000000e+02
1.245976562500000000e+02
1.778203125000000000e+02
1.301757812500000000e+02
1.738359375000000000e+02
1.338945312500000000e+02
1.738359375000000000e+02
1.376132812500000000e+02
1.725078125000000000e+02
1.478398437500000000e+02
1.738359375000000000e+02
1.571367187500000000e+02
1.764921875000000000e+02
1.515585937500000000e+02
1.831328125000000000e+02
1.450507812500000000e+02
1.884453125000000000e+02
1.376132812500000000e+02
1.924296875000000000e+02
1.311054687500000000e+02
1.924296875000000000e+02
1.245976562500000000e+02
1.897734375000000000e+02
1.199492187500000000e+02
1.844609375000000000e+02
1.273867187500000000e+02
1.818046875000000000e+02
1.357539062500000000e+02
1.804765625000000000e+02
1.450507812500000000e+02
1.778203125000000000e+02
1.562070312500000000e+02
1.764921875000000000e+02
1.450507812500000000e+02
1.778203125000000000e+02
1.357539062500000000e+02
1.818046875000000000e+02
1.283164062500000000e+02
1.844609375000000000e+02
