6.550000000000000000e+01
1.152382812500000000e+02
6.550000000000000000e+01
1.336210937500000000e+02
6.650000000000000000e+01
1.534179687500000000e+02
7.050000000000000000e+01
1.718007812500000000e+02
7.850000000000000000e+01
1.887695312500000000e+02
8.850000000000000000e+01
2.014960937500000000e+02
1.005000000000000000e+02
2.113945312500000000e+02
1.135000000000000000e+02
2.184648437500000000e+02
1.275000000000000000e+02
2.184648437500000000e+02
1.425000000000000000e+02
2.184648437500000000e+02
1.555000000000000000e+02
2.099804687500000000e+02
1.665000000000000000e+02
2.000820312500000000e+02
1.775000000000000000e+02
1.859414062500000000e+02
1.845000000000000000e+02
1.718007812500000000e+02
1.855000000000000000e+02
1.491757812500000000e+02
1.855000000000000000e+02
1.336210937500000000e+02
1.855000000000000000e+02
1.152382812500000000e+02
7.250000000000000000e+01
1.039257812500000000e+02
8.250000000000000000e+01
9.756250000000000000e+01
9.250000000000000000e+01
9.897656250000000000e+01
1.045000000000000000e+02
1.003906250000000000e+02
1.155000000000000000e+02
1.032187500000000000e+02
1.405000000000000000e+02
1.032187500000000000e+02
1.515000000000000000e+02
9.968359375000000000e+01
1.625000000000000000e+02
9.897656250000000000e+01
1.735000000000000000e+02
9.826953125000000000e+01
1.835000000000000000e+02
1.039257812500000000e+02
1.275000000000000000e+02
1.180664062500000000e+02
1.275000000000000000e+02
1.307929687500000000e+02
1.275000000000000000e+02
1.435195312500000000e+02
1.275000000000000000e+02
1.548320312500000000e+02
1.125000000000000000e+02
1.619023437500000000e+02
1.205000000000000000e+02
1.633164062500000000e+02
1.275000000000000000e+02
1.647304687500000000e+02
1.345000000000000000e+02
1.633164062500000000e+02
1.415000000000000000e+02
1.619023437500000000e+02
8.350000000000000000e+01
1.180664062500000000e+02
8.950000000000000000e+01
1.124101562500000000e+02
1.035000000000000000e+02
1.152382812500000000e+02
1.085000000000000000e+02
1.208945312500000000e+02
1.025000000000000000e+02
1.223085937500000000e+02
8.950000000000000000e+01
1.208945312500000000e+02
1.475000000000000000e+02
1.208945312500000000e+02
1.525000000000000000e+02
1.138242187500000000e+02
1.665000000000000000e+02
1.138242187500000000e+02
1.725000000000000000e+02
1.180664062500000000e+02
1.665000000000000000e+02
1.208945312500000000e+02
1.535000000000000000e+02
1.223085937500000000e+02
1.015000000000000000e+02
1.788710937500000000e+02
1.125000000000000000e+02
1.774570312500000000e+02
1.235000000000000000e+02
1.746289062500000000e+02
1.275000000000000000e+02
1.760429687500000000e+02
1.325000000000000000e+02
1.746289062500000000e+02
1.435000000000000000e+02
1.774570312500000000e+02
1.545000000000000000e+02
1.774570312500000000e+02
1.465000000000000000e+02
1.859414062500000000e+02
1.375000000000000000e+02
1.901835937500000000e+02
1.275000000000000000e+02
1.915976562500000000e+02
1.185000000000000000e+02
1.901835937500000000e+02
1.095000000000000000e+02
1.859414062500000000e+02
1.035000000000000000e+02
1.788710937500000000e+02
1.155000000000000000e+02
1.816992187500000000e+02
1.275000000000000000e+02
1.816992187500000000e+02
1.405000000000000000e+02
1.816992187500000000e+02
1.535000000000000000e+02
1.788710937500000000e+02
1.405000000000000000e+02
1.802851562500000000e+02
1.285000000000000000e+02
1.816992187500000000e+02
1.155000000000000000e+02
1.816992187500000000e+02
