7.088671875000000000e+01
1.198515625000000000e+02
7.088671875000000000e+01
1.368671875000000000e+02
7.088671875000000000e+01
1.569765625000000000e+02
7.195703125000000000e+01
1.786328125000000000e+02
7.837890625000000000e+01
1.956484375000000000e+02
8.694140625000000000e+01
2.095703125000000000e+02
9.871484375000000000e+01
2.219453125000000000e+02
1.115585937500000000e+02
2.281328125000000000e+02
1.254726562500000000e+02
2.281328125000000000e+02
1.425976562500000000e+02
2.281328125000000000e+02
1.575820312500000000e+02
2.234921875000000000e+02
1.704257812500000000e+02
2.142109375000000000e+02
1.811289062500000000e+02
2.018359375000000000e+02
1.907617187500000000e+02
1.863671875000000000e+02
1.971835937500000000e+02
1.678046875000000000e+02
1.982539062500000000e+02
1.461484375000000000e+02
1.982539062500000000e+02
1.183046875000000000e+02
7.623828125000000000e+01
1.028359375000000000e+02
8.480078125000000000e+01
9.664843750000000000e+01
9.443359375000000000e+01
9.742187500000000000e+01
1.040664062500000000e+02
9.896875000000000000e+01
1.126289062500000000e+02
1.020625000000000000e+02
1.425976562500000000e+02
1.005156250000000000e+02
1.533007812500000000e+02
9.896875000000000000e+01
1.650742187500000000e+02
9.742187500000000000e+01
1.763125000000000000e+02
9.819531250000000000e+01
1.864804687500000000e+02
1.043828125000000000e+02
1.254726562500000000e+02
1.213984375000000000e+02
1.244023437500000000e+02
1.337734375000000000e+02
1.244023437500000000e+02
1.461484375000000000e+02
1.233320312500000000e+02
1.585234375000000000e+02
1.115585937500000000e+02
1.693515625000000000e+02
1.179804687500000000e+02
1.693515625000000000e+02
1.244023437500000000e+02
1.708984375000000000e+02
1.318945312500000000e+02
1.708984375000000000e+02
1.393867187500000000e+02
1.693515625000000000e+02
8.373046875000000000e+01
1.213984375000000000e+02
8.908203125000000000e+01
1.152109375000000000e+02
1.040664062500000000e+02
1.167578125000000000e+02
1.094179687500000000e+02
1.229453125000000000e+02
1.029960937500000000e+02
1.244921875000000000e+02
8.908203125000000000e+01
1.244921875000000000e+02
1.458085937500000000e+02
1.229453125000000000e+02
1.522304687500000000e+02
1.167578125000000000e+02
1.682851562500000000e+02
1.152109375000000000e+02
1.736367187500000000e+02
1.198515625000000000e+02
1.682851562500000000e+02
1.244921875000000000e+02
1.533007812500000000e+02
1.244921875000000000e+02
1.029960937500000000e+02
1.925546875000000000e+02
1.115585937500000000e+02
1.863671875000000000e+02
1.201210937500000000e+02
1.832734375000000000e+02
1.244023437500000000e+02
1.848203125000000000e+02
1.297539062500000000e+02
1.848203125000000000e+02
1.393867187500000000e+02
1.879140625000000000e+02
1.500898437500000000e+02
1.910078125000000000e+02
1.425976562500000000e+02
1.971953125000000000e+02
1.340351562500000000e+02
2.018359375000000000e+02
1.254726562500000000e+02
2.033828125000000000e+02
1.169101562500000000e+02
2.018359375000000000e+02
1.094179687500000000e+02
1.971953125000000000e+02
1.040664062500000000e+02
1.925546875000000000e+02
1.147695312500000000e+02
1.910078125000000000e+02
1.244023437500000000e+02
1.910078125000000000e+02
1.361757812500000000e+02
1.925546875000000000e+02
1.490195312500000000e+02
1.910078125000000000e+02
1.372460937500000000e+02
1.925546875000000000e+02
1.254726562500000000e+02
1.925546875000000000e+02
1.147695312500000000e+02
1.925546875000000000e+02
